{
	"asset": {
		"generator": "VISUALIZEGLTF",
		"version" : "2.0"
	},
	"extensionsUsed": [ "KHR_lights_punctual","KHR_texture_transform" ],
	"scenes": [
		{
			"name": "Default",
			"nodes": [
				0]
		}
	],
	"nodes": [
		{
			"children": [
				1, 157, 158, 159, 160, 161, 162, 163
			]
			,"name": "Root"		}
,
		{
			"children": [
				2
			]
			,"matrix": [
				1,					0,					0,					0,
				0,					1,					0,					0,
				0,					0,					1,					0,
				0,					0.140225,					0,					1
			]
			,"name": "Student_Arm (Default)"		}
,
		{
			"children": [
				3, 5, 7, 9, 11, 13, 15, 17, 19, 23, 25, 29, 31, 33, 35, 37, 39, 41, 43, 45, 47, 49, 56, 58, 60, 62, 64, 67, 69, 71, 73, 75, 77, 79, 83, 87, 93, 95, 97, 101, 105, 107, 109, 113, 115, 117, 119, 121, 123, 125, 127, 129, 131, 133, 135, 137, 139, 141, 143, 145, 147, 149, 151, 153, 155
			]
			,"name": "Default"		}
,
		{
			"children": [
				4
			]
			,"matrix": [
				1.224647E-16,					0,					-1,					0,
				0,					1,					0,					0,
				1,					0,					1.224647E-16,					0,
				0.022,					0,					2.694223E-18,					1
			]
			,"name": "XM540-1"		}
,
		{
			"mesh": 0
			,"name": "sandblasted aluminum"		}
,
		{
			"children": [
				6
			]
			,"matrix": [
				-1.224647E-16,					1.665335E-16,					1,					0,
				2.039447E-32,					1,					-1.665335E-16,					0,
				-1,					0,					-1.224647E-16,					0,
				-0.022,					-4.691539E-18,					2.723457E-18,					1
			]
			,"name": "XM540-2"		}
,
		{
			"mesh": 1
			,"name": "sandblasted aluminum[1]"		}
,
		{
			"children": [
				8
			]
			,"matrix": [
				4.222357E-16,					0.5069864,					-0.861954,					0,
				-2.483517E-16,					0.861954,					0.5069864,					0,
				1,					5.965761E-30,					4.898587E-16,					0,
				0.0221,					9.583666E-31,					-1.398118E-17,					1
			]
			,"name": "540_Horn-1"		}
,
		{
			"mesh": 2
			,"name": "matte aluminum"		}
,
		{
			"children": [
				10
			]
			,"matrix": [
				-7.200712E-32,					0.861954,					0.5069864,					0,
				-1.349172E-31,					0.5069864,					-0.861954,					0,
				-1,					-1.30468E-31,					7.978583E-32,					0,
				-0.0221,					5.860799E-31,					-1.271979E-17,					1
			]
			,"name": "540_Horn-3"		}
,
		{
			"mesh": 3
			,"name": "matte aluminum[1]"		}
,
		{
			"children": [
				12
			]
			,"matrix": [
				1.641782E-15,					-0.861954,					-0.5069864,					0,
				-1.466881E-16,					-0.5069864,					0.861954,					0,
				-1,					-1.340772E-15,					-9.587996E-16,					0,
				-2.775558E-17,					0.1767767,					0.1767767,					1
			]
			,"name": "XM540-3"		}
,
		{
			"mesh": 4
			,"name": "sandblasted aluminum[2]"		}
,
		{
			"children": [
				14
			]
			,"matrix": [
				-9.518608E-18,					0.7071068,					0.7071068,					0,
				1.354171E-17,					0.7071068,					-0.7071068,					0,
				-1,					2.84476E-18,					-1.630611E-17,					0,
				-6.314123E-17,					0.1767767,					0.1767767,					1
			]
			,"name": "540_Horn-5"		}
,
		{
			"mesh": 5
			,"name": "matte aluminum[2]"		}
,
		{
			"children": [
				16
			]
			,"matrix": [
				4.019879E-18,					-0.7071068,					0.7071068,					0,
				8.48189E-18,					0.7071068,					0.7071068,					0,
				-1,					3.155118E-18,					8.840086E-18,					0,
				-6.213783E-17,					0.1767767,					0.1767767,					1
			]
			,"name": "540_Idler-1"		}
,
		{
			"mesh": 6
			,"name": "matte aluminum-2"		}
,
		{
			"children": [
				18
			]
			,"matrix": [
				4.222357E-16,					0.5069864,					-0.861954,					0,
				-2.483517E-16,					0.861954,					0.5069864,					0,
				1,					5.817849E-30,					4.898587E-16,					0,
				0.0001,					0.02154885,					0.01267466,					1
			]
			,"name": "540_Dual_Frame_Custom-1"		}
,
		{
			"mesh": 7
			,"name": "color"		}
,
		{
			"children": [
				20, 21, 22
			]
			,"matrix": [
				-1.167435E-16,					0.7071068,					0.7071068,					0,
				-1,					-4.674438E-17,					-1.183558E-16,					0,
				-5.063696E-17,					-0.7071068,					0.7071068,					0,
				1.319376E-14,					0.04967425,					0.3038791,					1
			]
			,"name": "XM430-1"		}
,
		{
			"mesh": 8
			,"name": "sandblasted aluminum-2"		}
,
		{
			"mesh": 9
			,"name": "color-2"		}
,
		{
			"mesh": 10
			,"name": "dark grey low gloss plastic"		}
,
		{
			"children": [
				24
			]
			,"matrix": [
				1,					-3.136874E-17,					4.024273E-17,					0,
				-6.274862E-18,					0.7071068,					0.7071068,					0,
				-5.063696E-17,					-0.7071068,					0.7071068,					0,
				-5.418836E-19,					0.04967425,					0.3038791,					1
			]
			,"name": "XM430_Horn-1"		}
,
		{
			"mesh": 11
			,"name": "matte aluminum-3"		}
,
		{
			"children": [
				26, 27, 28
			]
			,"matrix": [
				-8.77917E-17,					0.7071068,					0.7071068,					0,
				-2.521907E-16,					-0.7071068,					0.7071068,					0,
				1,					-1.162477E-16,					2.404039E-16,					0,
				3.651581E-16,					-1.934533E-15,					0.3535534,					1
			]
			,"name": "XM430-2"		}
,
		{
			"mesh": 12
			,"name": "sandblasted aluminum-2[1]"		}
,
		{
			"mesh": 13
			,"name": "color-2[1]"		}
,
		{
			"mesh": 14
			,"name": "dark grey low gloss plastic[1]"		}
,
		{
			"children": [
				30
			]
			,"matrix": [
				1.769418E-16,					0.6951184,					-0.7188953,					0,
				4.996004E-16,					0.7188953,					0.6951184,					0,
				1,					-4.821558E-16,					-2.200788E-16,					0,
				2.775558E-16,					7.771561E-16,					0.3535534,					1
			]
			,"name": "XM430_Horn-2"		}
,
		{
			"mesh": 15
			,"name": "matte aluminum-3[1]"		}
,
		{
			"children": [
				32
			]
			,"matrix": [
				-0.3977993,					-0.9174724,					3.57816E-16,					0,
				0.9174724,					-0.3977993,					-2.132805E-16,					0,
				3.38018E-16,					2.434435E-16,					1,					0,
				1.264211E-16,					1.87619E-15,					0.393709,					1
			]
			,"name": "XM430_Horn-3"		}
,
		{
			"mesh": 16
			,"name": "matte aluminum-3[2]"		}
,
		{
			"children": [
				34
			]
			,"matrix": [
				-1,					-2.019484E-28,					-3.482314E-32,					0,
				-5.046776E-41,					-1,					-6.122554E-15,					0,
				-7.395571E-32,					-6.122554E-15,					1,					0,
				3.266745E-18,					-6.800116E-16,					0.393709,					1
			]
			,"name": "XM430-3"		}
,
		{
			"mesh": 17
			,"name": "dark grey low gloss plastic[2]"		}
,
		{
			"children": [
				36
			]
			,"name": "L23_Tube-1"		}
,
		{
			"mesh": 18
			,"name": "2023-03-22 16_28_15-window"		}
,
		{
			"children": [
				38
			]
			,"name": "L34_Tube-2"		}
,
		{
			"mesh": 19
			,"name": "2023-03-22 16_28_15-window-2"		}
,
		{
			"children": [
				40
			]
			,"name": "J3_Mount-1"		}
,
		{
			"mesh": 20
			,"name": "matte aluminum-4"		}
,
		{
			"children": [
				42
			]
			,"matrix": [
				2.404039E-16,					1.162477E-16,					-1,					0,
				1.162477E-16,					1,					1.162477E-16,					0,
				1,					-1.162477E-16,					2.404039E-16,					0,
				3.885781E-16,					-1.671238E-15,					0.3535534,					1
			]
			,"name": "XM430_Idler-1"		}
,
		{
			"mesh": 21
			,"name": "matte aluminum-5"		}
,
		{
			"children": [
				44
			]
			,"matrix": [
				-1,					-1.224647E-16,					4.190824E-31,					0,
				4.190824E-31,					2.179575E-32,					1,					0,
				-1.224647E-16,					1,					-2.46519E-32,					0,
				3.247151E-18,					-0.07535,					6.536452E-34,					1
			]
			,"name": "XM540-4"		}
,
		{
			"mesh": 22
			,"name": "sandblasted aluminum[3]"		}
,
		{
			"children": [
				46
			]
			,"matrix": [
				-0.04602027,					3.613689E-16,					0.9989405,					0,
				0.9989405,					1.392425E-16,					0.04602027,					0,
				-1.224647E-16,					1,					-3.67394E-16,					0,
				3.234904E-18,					-0.07525,					9.809421E-18,					1
			]
			,"name": "540_Horn-6"		}
,
		{
			"mesh": 23
			,"name": "matte aluminum[3]"		}
,
		{
			"children": [
				48
			]
			,"matrix": [
				1,					0,					0,					0,
				0,					1,					0,					0,
				0,					0,					1,					0,
				-0.0006,					5.828834E-31,					-1.271979E-17,					1
			]
			,"name": "L23_Mount_PostGen_V2-1"		}
,
		{
			"mesh": 24
			,"name": "satin finish stainless steel"		}
,
		{
			"children": [
				50, 51, 52, 53, 54, 55
			]
			,"name": "Base_Master-1"		}
,
		{
			"mesh": 25
			,"name": "chromium plate"		}
,
		{
			"mesh": 26
			,"name": "dark grey low gloss plastic-2"		}
,
		{
			"mesh": 27
			,"name": "chromium plate-2"		}
,
		{
			"mesh": 28
			,"name": "satin finish stainless steel-2"		}
,
		{
			"mesh": 29
			,"name": "red low gloss plastic"		}
,
		{
			"mesh": 30
			,"name": "brushed steel"		}
,
		{
			"children": [
				57
			]
			,"matrix": [
				1,					0,					0,					0,
				0,					1,					0,					0,
				0,					0,					1,					0,
				-0.083,					-0.119925,					-0.0494,					1
			]
			,"name": "4040-1"		}
,
		{
			"mesh": 31
			,"name": "matte aluminum-6"		}
,
		{
			"children": [
				59
			]
			,"matrix": [
				-1,					-2.970417E-16,					3.608225E-15,					0,
				-2.724191E-16,					1,					3.836783E-17,					0,
				-3.552714E-15,					5.597895E-17,					-1,					0,
				0.083,					-0.119925,					-0.0494,					1
			]
			,"name": "4040-2"		}
,
		{
			"mesh": 32
			,"name": "matte aluminum-6[1]"		}
,
		{
			"children": [
				61
			]
			,"matrix": [
				0,					-2.970417E-16,					1,					0,
				-7.628463E-17,					1,					2.781552E-16,					0,
				-1,					-9.064675E-17,					-5.551115E-17,					0,
				-0.0894,					-0.119925,					-0.083,					1
			]
			,"name": "4040-3"		}
,
		{
			"mesh": 33
			,"name": "matte aluminum-6[2]"		}
,
		{
			"children": [
				63
			]
			,"matrix": [
				0,					-2.970417E-16,					-1,					0,
				1.009847E-16,					1,					-4.941063E-16,					0,
				1,					-2.654365E-16,					0,					0,
				0.0894,					-0.119925,					0.083,					1
			]
			,"name": "4040-4"		}
,
		{
			"mesh": 34
			,"name": "matte aluminum-6[3]"		}
,
		{
			"children": [
				65, 66
			]
			,"name": "L34_Mount_PostGen-2"		}
,
		{
			"mesh": 35
			,"name": "satin finish stainless steel-3"		}
,
		{
			"mesh": 36
			,"name": "satin finish stainless steel-4"		}
,
		{
			"children": [
				68
			]
			,"name": "J4_Mount_CNC-1"		}
,
		{
			"mesh": 37
			,"name": "matte aluminum-7"		}
,
		{
			"children": [
				70
			]
			,"name": "J5_Bearing_Housing-1"		}
,
		{
			"mesh": 38
			,"name": "satin finish stainless steel-5"		}
,
		{
			"children": [
				72
			]
			,"name": "J5_Output-1"		}
,
		{
			"mesh": 39
			,"name": "satin finish stainless steel-6"		}
,
		{
			"children": [
				74
			]
			,"name": "J5_Spacer-1"		}
,
		{
			"mesh": 40
			,"name": "satin finish aluminum"		}
,
		{
			"children": [
				76
			]
			,"matrix": [
				1,					-6.36734E-17,					7.93807E-18,					0,
				3.941083E-17,					0.7071068,					0.7071068,					0,
				-5.063696E-17,					-0.7071068,					0.7071068,					0,
				-1.008182E-17,					0.02916816,					0.3243852,					1
			]
			,"name": "4668K256_Permanently Lubricated Stainless Steel Ball Bearing-1"		}
,
		{
			"mesh": 41
			,"name": "color-3"		}
,
		{
			"children": [
				78
			]
			,"matrix": [
				1,					-6.36734E-17,					7.93807E-18,					0,
				3.941083E-17,					0.7071068,					0.7071068,					0,
				-5.063696E-17,					-0.7071068,					0.7071068,					0,
				-1.008182E-17,					0.03482501,					0.3187284,					1
			]
			,"name": "4668K256_Permanently Lubricated Stainless Steel Ball Bearing-2"		}
,
		{
			"mesh": 42
			,"name": "color-3[1]"		}
,
		{
			"children": [
				80, 81, 82
			]
			,"name": "J6_Mount-1"		}
,
		{
			"mesh": 43
			,"name": "satin finish stainless steel-7"		}
,
		{
			"mesh": 44
			,"name": "color(Legacy)"		}
,
		{
			"mesh": 45
			,"name": "dark grey low gloss plastic-3"		}
,
		{
			"children": [
				84, 85, 86
			]
			,"name": "J5_Bearing_Mount-3"		}
,
		{
			"mesh": 46
			,"name": "color-4"		}
,
		{
			"mesh": 47
			,"name": "color-5"		}
,
		{
			"mesh": 48
			,"name": "color-6"		}
,
		{
			"children": [
				88, 89, 90, 91, 92
			]
			,"name": "Gripper_Geo-1"		}
,
		{
			"mesh": 49
			,"name": "red low gloss plastic-2"		}
,
		{
			"mesh": 50
			,"name": "yellow low gloss plastic"		}
,
		{
			"mesh": 51
			,"name": "blue low gloss plastic"		}
,
		{
			"mesh": 52
			,"name": "polished aluminum"		}
,
		{
			"mesh": 53
			,"name": "light grey low gloss plastic"		}
,
		{
			"children": [
				94
			]
			,"matrix": [
				-1.144238E-17,					1,					0,					0,
				0,					0,					-1,					0,
				-1,					4.406878E-17,					0,					0,
				0.02442682,					0.009,					0.485409,					1
			]
			,"name": "MGN7_Rail-1"		}
,
		{
			"mesh": 54
			,"name": "chromium plate-3"		}
,
		{
			"children": [
				96
			]
			,"matrix": [
				0,					1,					0,					0,
				0,					0,					-1,					0,
				-1,					5.551115E-17,					0,					0,
				0.07557318,					-0.009,					0.485409,					1
			]
			,"name": "MGN7_Rail-2"		}
,
		{
			"mesh": 55
			,"name": "chromium plate-3[1]"		}
,
		{
			"children": [
				98, 99, 100
			]
			,"matrix": [
				3.697785E-32,					-1,					2.349311E-16,					0,
				-1.224647E-16,					4.262463E-17,					-1,					0,
				1,					-4.257437E-33,					-1.224647E-16,					0,
				-6.938894E-18,					0.009,					0.482959,					1
			]
			,"name": "MGN7C_Carriage-1"		}
,
		{
			"mesh": 56
			,"name": "satin finish stainless steel-8"		}
,
		{
			"mesh": 57
			,"name": "red low gloss plastic-3"		}
,
		{
			"mesh": 58
			,"name": "green low gloss plastic"		}
,
		{
			"children": [
				102, 103, 104
			]
			,"matrix": [
				3.697785E-32,					-1,					2.349311E-16,					0,
				-1.224647E-16,					4.262463E-17,					-1,					0,
				1,					-4.257437E-33,					-1.224647E-16,					0,
				-5.551113E-17,					-0.009,					0.482959,					1
			]
			,"name": "MGN7C_Carriage-2"		}
,
		{
			"mesh": 59
			,"name": "satin finish stainless steel-8[1]"		}
,
		{
			"mesh": 60
			,"name": "red low gloss plastic-3[1]"		}
,
		{
			"mesh": 61
			,"name": "green low gloss plastic[1]"		}
,
		{
			"children": [
				106
			]
			,"matrix": [
				1,					0,					0,					0,
				0,					1,					0,					0,
				0,					0,					1,					0,
				0.002676821,					4.444161E-17,					0.0001,					1
			]
			,"name": "Gripper_Jaw-1"		}
,
		{
			"mesh": 62
			,"name": "black low gloss plastic"		}
,
		{
			"children": [
				108
			]
			,"matrix": [
				-1,					8.756702E-17,					9.383866E-18,					0,
				-1.040834E-16,					-1,					0,					0,
				5.392604E-33,					0,					1,					0,
				-0.002676821,					-5.544263E-18,					0.0001,					1
			]
			,"name": "Gripper_Jaw-2"		}
,
		{
			"mesh": 63
			,"name": "black low gloss plastic[1]"		}
,
		{
			"children": [
				110, 111, 112
			]
			,"matrix": [
				-1,					-4.019007E-14,					0,					0,
				4.019007E-14,					-1,					0,					0,
				0,					0,					1,					0,
				7.354505E-18,					4.620857E-17,					0.440709,					1
			]
			,"name": "XM430-1 2"		}
,
		{
			"mesh": 64
			,"name": "sandblasted aluminum-2[2]"		}
,
		{
			"mesh": 65
			,"name": "color-2[2]"		}
,
		{
			"mesh": 66
			,"name": "dark grey low gloss plastic[3]"		}
,
		{
			"children": [
				114
			]
			,"matrix": [
				-0.4617283,					0.8870214,					0,					0,
				-0.8870214,					-0.4617283,					0,					0,
				0,					0,					1,					0,
				7.587006E-18,					4.577183E-17,					0.442209,					1
			]
			,"name": "XC430_Horn-1"		}
,
		{
			"mesh": 67
			,"name": "dark grey low gloss plastic-4"		}
,
		{
			"children": [
				116
			]
			,"matrix": [
				0,					0,					1,					0,
				-1,					2.775558E-16,					0,					0,
				-3.885781E-16,					-1,					0,					0,
				3.469447E-18,					0.0204659,					0.4731591,					1
			]
			,"name": "9293K111_Constant-Force Spring-1"		}
,
		{
			"mesh": 68
			,"name": "color-7"		}
,
		{
			"children": [
				118
			]
			,"name": "Gripper_Carriage_Mount-1"		}
,
		{
			"mesh": 69
			,"name": "satin finish stainless steel-9"		}
,
		{
			"children": [
				120
			]
			,"matrix": [
				0.9998572,					-0.01689484,					3.510983E-17,					0,
				0.01689484,					0.9998572,					2.966086E-19,					0,
				-3.510983E-17,					2.966086E-19,					1,					0,
				-2.741631E-16,					1.191652E-17,					0.0015,					1
			]
			,"name": "Gripper_Drive_Pulley-1"		}
,
		{
			"mesh": 70
			,"name": "black low gloss plastic-2"		}
,
		{
			"children": [
				122
			]
			,"name": "Gripper_Structure-1"		}
,
		{
			"mesh": 71
			,"name": "black low gloss plastic-3"		}
,
		{
			"children": [
				124
			]
			,"matrix": [
				0.832765,					0.5536267,					0,					0,
				-0.5536267,					0.832765,					0,					0,
				0,					0,					1,					0,
				0.01133047,					0.003422614,					0,					1
			]
			,"name": "CF_Spring_Idler-1"		}
,
		{
			"mesh": 72
			,"name": "color-8"		}
,
		{
			"children": [
				126
			]
			,"matrix": [
				0.7344519,					0.6786608,					2.775558E-17,					0,
				-0.6786608,					0.7344519,					-2.775558E-17,					0,
				-8.326673E-17,					0,					1,					0,
				0.0138894,					-0.03549711,					6.938894E-17,					1
			]
			,"name": "CF_Spring_Idler-2"		}
,
		{
			"mesh": 73
			,"name": "color-8[1]"		}
,
		{
			"children": [
				128
			]
			,"matrix": [
				-0.5990944,					-0.8006784,					0,					0,
				0.8006784,					-0.5990944,					0,					0,
				0,					0,					1,					0,
				0.05557318,					-0.009,					0.491309,					1
			]
			,"name": "91292A831_18-8 Stainless Steel Socket Head Screw-1"		}
,
		{
			"mesh": 74
			,"name": "color-9"		}
,
		{
			"children": [
				130
			]
			,"matrix": [
				-0.923728,					-0.383049,					0,					0,
				-0.383049,					0.923728,					0,					0,
				0,					0,					-1,					0,
				0.0001351587,					0.007998859,					0.4584182,					1
			]
			,"name": "91292A835_18-8 Stainless Steel Socket Head Screw-1"		}
,
		{
			"mesh": 75
			,"name": "color-10"		}
,
		{
			"children": [
				132
			]
			,"matrix": [
				-1,					5.974708E-31,					6.982962E-15,					0,
				-5.974708E-31,					1,					-1.711224E-16,					0,
				-6.982962E-15,					-1.711224E-16,					-1,					0,
				-0.004,					0.015,					0.479174,					1
			]
			,"name": "92125A051_18-8 Stainless Steel Hex Drive Flat Head Screw-1"		}
,
		{
			"mesh": 76
			,"name": "color-11"		}
,
		{
			"children": [
				134
			]
			,"matrix": [
				1,					0,					0,					0,
				0,					1,					0,					0,
				0,					0,					1,					0,
				0,					0.0204659,					0.471569,					1
			]
			,"name": "92125A059_18-8 Stainless Steel Hex Drive Flat Head Screw-1"		}
,
		{
			"mesh": 77
			,"name": "color-12"		}
,
		{
			"children": [
				136
			]
			,"matrix": [
				1,					0,					0,					0,
				0,					1,					0,					0,
				0,					0,					1,					0,
				-0.011,					0.008,					0.459309,					1
			]
			,"name": "92010A775_Passivated 18-8 Stainless Steel Phillips Flat Head Screw-1"		}
,
		{
			"mesh": 78
			,"name": "color-13"		}
,
		{
			"children": [
				138
			]
			,"matrix": [
				1,					0,					0,					0,
				0,					1,					0,					0,
				0,					0,					1,					0,
				-0.011,					0.032,					0.461139,					1
			]
			,"name": "92125A085_18-8 Stainless Steel Hex Drive Flat Head Screw-1"		}
,
		{
			"mesh": 79
			,"name": "color-14"		}
,
		{
			"children": [
				140
			]
			,"matrix": [
				0.9873505,					0.1585528,					5.551115E-17,					0,
				-0.1585528,					0.9873505,					0,					0,
				-8.326673E-17,					0,					1,					0,
				0.011,					0.032,					0.461139,					1
			]
			,"name": "92125A085_18-8 Stainless Steel Hex Drive Flat Head Screw-2"		}
,
		{
			"mesh": 80
			,"name": "color-14[1]"		}
,
		{
			"children": [
				142
			]
			,"matrix": [
				0.9591247,					0.2829836,					0,					0,
				-0.2829836,					0.9591247,					-5.551115E-17,					0,
				-1.570875E-17,					5.324212E-17,					1,					0,
				0.011,					-0.008,					0.461139,					1
			]
			,"name": "92125A085_18-8 Stainless Steel Hex Drive Flat Head Screw-4"		}
,
		{
			"mesh": 81
			,"name": "color-14[2]"		}
,
		{
			"children": [
				144
			]
			,"matrix": [
				0.9285714,					0.3711537,					-1.665335E-16,					0,
				-0.3711537,					0.9285714,					-5.551115E-17,					0,
				1.665335E-16,					0,					1,					0,
				-0.011,					-0.008,					0.461139,					1
			]
			,"name": "92125A085_18-8 Stainless Steel Hex Drive Flat Head Screw-6"		}
,
		{
			"mesh": 82
			,"name": "color-14[3]"		}
,
		{
			"children": [
				146
			]
			,"matrix": [
				0.9873505,					0.1585528,					2.775558E-17,					0,
				-0.1585528,					0.9873505,					-1.665335E-16,					0,
				-5.551115E-17,					1.94289E-16,					1,					0,
				0.011,					0.008,					0.459309,					1
			]
			,"name": "92010A775_Passivated 18-8 Stainless Steel Phillips Flat Head Screw-2"		}
,
		{
			"mesh": 83
			,"name": "color-13[1]"		}
,
		{
			"children": [
				148
			]
			,"matrix": [
				0.9873505,					0.1585528,					2.775558E-17,					0,
				-0.1585528,					0.9873505,					5.551115E-17,					0,
				0,					-5.551115E-17,					1,					0,
				0,					-0.0204659,					0.471569,					1
			]
			,"name": "92125A059_18-8 Stainless Steel Hex Drive Flat Head Screw-2"		}
,
		{
			"mesh": 84
			,"name": "color-12[1]"		}
,
		{
			"children": [
				150
			]
			,"matrix": [
				-0.8513098,					-0.5246633,					-4.163336E-17,					0,
				-0.5246633,					0.8513098,					5.551115E-17,					0,
				2.775558E-17,					8.326673E-17,					-1,					0,
				0.007998859,					-0.0001351587,					0.4584182,					1
			]
			,"name": "91292A835_18-8 Stainless Steel Socket Head Screw-2"		}
,
		{
			"mesh": 85
			,"name": "color-10[1]"		}
,
		{
			"children": [
				152
			]
			,"matrix": [
				-0.7775738,					-0.6287917,					2.775558E-17,					0,
				-0.6287917,					0.7775738,					5.551115E-17,					0,
				-5.648696E-17,					2.571154E-17,					-1,					0,
				-0.0001351587,					-0.007998859,					0.4584182,					1
			]
			,"name": "91292A835_18-8 Stainless Steel Socket Head Screw-3"		}
,
		{
			"mesh": 86
			,"name": "color-10[2]"		}
,
		{
			"children": [
				154
			]
			,"matrix": [
				-0.7155774,					-0.6985335,					2.775558E-16,					0,
				-0.6985335,					0.7155774,					1.665335E-16,					0,
				-1.665335E-16,					0,					-1,					0,
				-0.007998859,					0.0001351587,					0.4584182,					1
			]
			,"name": "91292A835_18-8 Stainless Steel Socket Head Screw-4"		}
,
		{
			"mesh": 87
			,"name": "color-10[3]"		}
,
		{
			"children": [
				156
			]
			,"name": "G_Mount-1"		}
,
		{
			"mesh": 88
			,"name": "satin finish stainless steel-10"		}
,
		{
			"matrix": [
				0.7268721,					-4.859841E-07,					-0.6867729,					0,
				-0.2276463,					0.9434648,					-0.2409387,					0,
				0.6479461,					0.3314729,					0.6857781,					0,
				1.160572,					0.7541809,					1.476837,					1
			]
			,"camera": 0
			,"name": "SOLIDWORKS Viewport"		}
,
		{
			"matrix": [
				0.7071068,					0,					-0.7071068,					0,
				-0.1622216,					0.9733286,					-0.1622216,					0,
				0.6882472,					0.2294159,					0.6882472,					0,
				4.445094,					1.981699,					4.445094,					1
			]
			,"camera": 1
			,"name": "Default Camera"		}
,
		{
			"matrix": [
				0,					0,					-0.9999999,					0,
				-0.7071068,					0.7071068,					0,					0,
				0.7071068,					0.7071068,					0,					0,
				7.071068,					7.071068,					0,					1
			]
			,"extensions" : {
				"KHR_lights_punctual" : {
					"light" : 0
				}
			}
			,"name": "Directional1"		}
,
		{
			"matrix": [
				-0.9019192,					0,					0.4319047,					0,
				0.2645487,					0.790458,					0.5524403,					0,
				-0.3414025,					0.6125164,					-0.7129292,					0,
				-3.414026,					6.125165,					-7.12929,					1
			]
			,"extensions" : {
				"KHR_lights_punctual" : {
					"light" : 1
				}
			}
			,"name": "Directional2"		}
,
		{
			"matrix": [
				-0.1920117,					0,					0.9813927,					0,
				0.3346118,					0.9400793,					0.06546756,					0,
				-0.9225869,					0.3409561,					-0.1805062,					0,
				-9.225868,					3.40956,					-1.805061,					1
			]
			,"extensions" : {
				"KHR_lights_punctual" : {
					"light" : 2
				}
			}
			,"name": "Directional3"		}
,
		{
			"name": "3 Point Faded"		}
,
		{
			"name": "3 Point Faded Backplate"		}
	],
	"cameras": [
		{
			"type": "perspective",
			"perspective" : {
				"aspectRatio": 1.25,
				"yfov" : 0.3215369,
				"zfar" : 100,
				"znear" : 0.01
			}
		}
,
		{
			"type": "perspective",
			"perspective" : {
				"aspectRatio": 1.777778,
				"yfov" : 0.2617994,
				"zfar" : 100,
				"znear" : 0.01
			}
		}
	],
	"extensions": {
		"KHR_lights_punctual" : {
			"lights": [
		{
			"name": "Directional1[1]",
			"color": [
					0.5773503, 0.5773503, 0.5773503
				],
			"intensity": 0.5773503,
			"type": "directional"
		}
,
		{
			"name": "Directional2[1]",
			"color": [
					0.5773503, 0.5773503, 0.5773503
				],
			"intensity": 0.5773503,
			"type": "directional"
		}
,
		{
			"name": "Directional3[1]",
			"color": [
					0.5773503, 0.5773503, 0.5773503
				],
			"intensity": 0.5773503,
			"type": "directional"
		}

			]
		}
	},
	"meshes" : [
		{
			"primitives" : [
				{
					"attributes" : {
					"POSITION" : 1
					,"NORMAL" : 2
					,"TEXCOORD_0" : 3
					},
					"indices" : 0,
					"mode": 4,
					"material" : 0
				}
			]
		},
		{
			"primitives" : [
				{
					"attributes" : {
					"POSITION" : 5
					,"NORMAL" : 6
					,"TEXCOORD_0" : 7
					},
					"indices" : 4,
					"mode": 4,
					"material" : 1
				}
			]
		},
		{
			"primitives" : [
				{
					"attributes" : {
					"POSITION" : 9
					,"NORMAL" : 10
					,"TEXCOORD_0" : 11
					},
					"indices" : 8,
					"mode": 4,
					"material" : 2
				}
			]
		},
		{
			"primitives" : [
				{
					"attributes" : {
					"POSITION" : 13
					,"NORMAL" : 14
					,"TEXCOORD_0" : 15
					},
					"indices" : 12,
					"mode": 4,
					"material" : 3
				}
			]
		},
		{
			"primitives" : [
				{
					"attributes" : {
					"POSITION" : 17
					,"NORMAL" : 18
					,"TEXCOORD_0" : 19
					},
					"indices" : 16,
					"mode": 4,
					"material" : 4
				}
			]
		},
		{
			"primitives" : [
				{
					"attributes" : {
					"POSITION" : 21
					,"NORMAL" : 22
					,"TEXCOORD_0" : 23
					},
					"indices" : 20,
					"mode": 4,
					"material" : 5
				}
			]
		},
		{
			"primitives" : [
				{
					"attributes" : {
					"POSITION" : 25
					,"NORMAL" : 26
					,"TEXCOORD_0" : 27
					},
					"indices" : 24,
					"mode": 4,
					"material" : 6
				}
			]
		},
		{
			"primitives" : [
				{
					"attributes" : {
					"POSITION" : 29
					,"NORMAL" : 30
					,"TEXCOORD_0" : 31
					},
					"indices" : 28,
					"mode": 4,
					"material" : 7
				}
			]
		},
		{
			"primitives" : [
				{
					"attributes" : {
					"POSITION" : 33
					,"NORMAL" : 34
					,"TEXCOORD_0" : 35
					},
					"indices" : 32,
					"mode": 4,
					"material" : 8
				}
			]
		},
		{
			"primitives" : [
				{
					"attributes" : {
					"POSITION" : 37
					,"NORMAL" : 38
					,"TEXCOORD_0" : 39
					},
					"indices" : 36,
					"mode": 4,
					"material" : 9
				}
			]
		},
		{
			"primitives" : [
				{
					"attributes" : {
					"POSITION" : 41
					,"NORMAL" : 42
					,"TEXCOORD_0" : 43
					},
					"indices" : 40,
					"mode": 4,
					"material" : 10
				}
			]
		},
		{
			"primitives" : [
				{
					"attributes" : {
					"POSITION" : 45
					,"NORMAL" : 46
					,"TEXCOORD_0" : 47
					},
					"indices" : 44,
					"mode": 4,
					"material" : 11
				}
			]
		},
		{
			"primitives" : [
				{
					"attributes" : {
					"POSITION" : 49
					,"NORMAL" : 50
					,"TEXCOORD_0" : 51
					},
					"indices" : 48,
					"mode": 4,
					"material" : 12
				}
			]
		},
		{
			"primitives" : [
				{
					"attributes" : {
					"POSITION" : 53
					,"NORMAL" : 54
					,"TEXCOORD_0" : 55
					},
					"indices" : 52,
					"mode": 4,
					"material" : 13
				}
			]
		},
		{
			"primitives" : [
				{
					"attributes" : {
					"POSITION" : 57
					,"NORMAL" : 58
					,"TEXCOORD_0" : 59
					},
					"indices" : 56,
					"mode": 4,
					"material" : 14
				}
			]
		},
		{
			"primitives" : [
				{
					"attributes" : {
					"POSITION" : 61
					,"NORMAL" : 62
					,"TEXCOORD_0" : 63
					},
					"indices" : 60,
					"mode": 4,
					"material" : 15
				}
			]
		},
		{
			"primitives" : [
				{
					"attributes" : {
					"POSITION" : 65
					,"NORMAL" : 66
					,"TEXCOORD_0" : 67
					},
					"indices" : 64,
					"mode": 4,
					"material" : 16
				}
			]
		},
		{
			"primitives" : [
				{
					"attributes" : {
					"POSITION" : 69
					,"NORMAL" : 70
					,"TEXCOORD_0" : 71
					},
					"indices" : 68,
					"mode": 4,
					"material" : 17
				}
			]
		},
		{
			"primitives" : [
				{
					"attributes" : {
					"POSITION" : 73
					,"NORMAL" : 74
					,"TEXCOORD_0" : 75
					},
					"indices" : 72,
					"mode": 4,
					"material" : 18
				}
			]
		},
		{
			"primitives" : [
				{
					"attributes" : {
					"POSITION" : 77
					,"NORMAL" : 78
					,"TEXCOORD_0" : 79
					},
					"indices" : 76,
					"mode": 4,
					"material" : 19
				}
			]
		},
		{
			"primitives" : [
				{
					"attributes" : {
					"POSITION" : 81
					,"NORMAL" : 82
					,"TEXCOORD_0" : 83
					},
					"indices" : 80,
					"mode": 4,
					"material" : 20
				}
			]
		},
		{
			"primitives" : [
				{
					"attributes" : {
					"POSITION" : 85
					,"NORMAL" : 86
					,"TEXCOORD_0" : 87
					},
					"indices" : 84,
					"mode": 4,
					"material" : 21
				}
			]
		},
		{
			"primitives" : [
				{
					"attributes" : {
					"POSITION" : 89
					,"NORMAL" : 90
					,"TEXCOORD_0" : 91
					},
					"indices" : 88,
					"mode": 4,
					"material" : 22
				}
			]
		},
		{
			"primitives" : [
				{
					"attributes" : {
					"POSITION" : 93
					,"NORMAL" : 94
					,"TEXCOORD_0" : 95
					},
					"indices" : 92,
					"mode": 4,
					"material" : 23
				}
			]
		},
		{
			"primitives" : [
				{
					"attributes" : {
					"POSITION" : 97
					,"NORMAL" : 98
					,"TEXCOORD_0" : 99
					},
					"indices" : 96,
					"mode": 4,
					"material" : 24
				}
			]
		},
		{
			"primitives" : [
				{
					"attributes" : {
					"POSITION" : 101
					,"NORMAL" : 102
					,"TEXCOORD_0" : 103
					},
					"indices" : 100,
					"mode": 4,
					"material" : 25
				}
			]
		},
		{
			"primitives" : [
				{
					"attributes" : {
					"POSITION" : 105
					,"NORMAL" : 106
					,"TEXCOORD_0" : 107
					},
					"indices" : 104,
					"mode": 4,
					"material" : 26
				}
			]
		},
		{
			"primitives" : [
				{
					"attributes" : {
					"POSITION" : 109
					,"NORMAL" : 110
					,"TEXCOORD_0" : 111
					},
					"indices" : 108,
					"mode": 4,
					"material" : 27
				}
			]
		},
		{
			"primitives" : [
				{
					"attributes" : {
					"POSITION" : 113
					,"NORMAL" : 114
					,"TEXCOORD_0" : 115
					},
					"indices" : 112,
					"mode": 4,
					"material" : 28
				}
			]
		},
		{
			"primitives" : [
				{
					"attributes" : {
					"POSITION" : 117
					,"NORMAL" : 118
					,"TEXCOORD_0" : 119
					},
					"indices" : 116,
					"mode": 4,
					"material" : 29
				}
			]
		},
		{
			"primitives" : [
				{
					"attributes" : {
					"POSITION" : 121
					,"NORMAL" : 122
					,"TEXCOORD_0" : 123
					},
					"indices" : 120,
					"mode": 4,
					"material" : 30
				}
			]
		},
		{
			"primitives" : [
				{
					"attributes" : {
					"POSITION" : 125
					,"NORMAL" : 126
					,"TEXCOORD_0" : 127
					},
					"indices" : 124,
					"mode": 4,
					"material" : 31
				}
			]
		},
		{
			"primitives" : [
				{
					"attributes" : {
					"POSITION" : 129
					,"NORMAL" : 130
					,"TEXCOORD_0" : 131
					},
					"indices" : 128,
					"mode": 4,
					"material" : 32
				}
			]
		},
		{
			"primitives" : [
				{
					"attributes" : {
					"POSITION" : 133
					,"NORMAL" : 134
					,"TEXCOORD_0" : 135
					},
					"indices" : 132,
					"mode": 4,
					"material" : 33
				}
			]
		},
		{
			"primitives" : [
				{
					"attributes" : {
					"POSITION" : 137
					,"NORMAL" : 138
					,"TEXCOORD_0" : 139
					},
					"indices" : 136,
					"mode": 4,
					"material" : 34
				}
			]
		},
		{
			"primitives" : [
				{
					"attributes" : {
					"POSITION" : 141
					,"NORMAL" : 142
					,"TEXCOORD_0" : 143
					},
					"indices" : 140,
					"mode": 4,
					"material" : 35
				},
				{
					"attributes" : {
					"POSITION" : 145
					,"NORMAL" : 146
					,"TEXCOORD_0" : 147
					},
					"indices" : 144,
					"mode": 4,
					"material" : 35
				}
			]
		},
		{
			"primitives" : [
				{
					"attributes" : {
					"POSITION" : 149
					,"NORMAL" : 150
					,"TEXCOORD_0" : 151
					},
					"indices" : 148,
					"mode": 4,
					"material" : 36
				}
			]
		},
		{
			"primitives" : [
				{
					"attributes" : {
					"POSITION" : 153
					,"NORMAL" : 154
					,"TEXCOORD_0" : 155
					},
					"indices" : 152,
					"mode": 4,
					"material" : 37
				}
			]
		},
		{
			"primitives" : [
				{
					"attributes" : {
					"POSITION" : 157
					,"NORMAL" : 158
					,"TEXCOORD_0" : 159
					},
					"indices" : 156,
					"mode": 4,
					"material" : 38
				}
			]
		},
		{
			"primitives" : [
				{
					"attributes" : {
					"POSITION" : 161
					,"NORMAL" : 162
					,"TEXCOORD_0" : 163
					},
					"indices" : 160,
					"mode": 4,
					"material" : 39
				}
			]
		},
		{
			"primitives" : [
				{
					"attributes" : {
					"POSITION" : 165
					,"NORMAL" : 166
					,"TEXCOORD_0" : 167
					},
					"indices" : 164,
					"mode": 4,
					"material" : 40
				}
			]
		},
		{
			"primitives" : [
				{
					"attributes" : {
					"POSITION" : 169
					,"NORMAL" : 170
					,"TEXCOORD_0" : 171
					},
					"indices" : 168,
					"mode": 4,
					"material" : 41
				},
				{
					"attributes" : {
					"POSITION" : 173
					,"NORMAL" : 174
					,"TEXCOORD_0" : 175
					},
					"indices" : 172,
					"mode": 4,
					"material" : 41
				},
				{
					"attributes" : {
					"POSITION" : 177
					,"NORMAL" : 178
					,"TEXCOORD_0" : 179
					},
					"indices" : 176,
					"mode": 4,
					"material" : 41
				},
				{
					"attributes" : {
					"POSITION" : 181
					,"NORMAL" : 182
					,"TEXCOORD_0" : 183
					},
					"indices" : 180,
					"mode": 4,
					"material" : 41
				}
			]
		},
		{
			"primitives" : [
				{
					"attributes" : {
					"POSITION" : 185
					,"NORMAL" : 186
					,"TEXCOORD_0" : 187
					},
					"indices" : 184,
					"mode": 4,
					"material" : 42
				},
				{
					"attributes" : {
					"POSITION" : 189
					,"NORMAL" : 190
					,"TEXCOORD_0" : 191
					},
					"indices" : 188,
					"mode": 4,
					"material" : 42
				},
				{
					"attributes" : {
					"POSITION" : 193
					,"NORMAL" : 194
					,"TEXCOORD_0" : 195
					},
					"indices" : 192,
					"mode": 4,
					"material" : 42
				},
				{
					"attributes" : {
					"POSITION" : 197
					,"NORMAL" : 198
					,"TEXCOORD_0" : 199
					},
					"indices" : 196,
					"mode": 4,
					"material" : 42
				}
			]
		},
		{
			"primitives" : [
				{
					"attributes" : {
					"POSITION" : 201
					,"NORMAL" : 202
					,"TEXCOORD_0" : 203
					},
					"indices" : 200,
					"mode": 4,
					"material" : 43
				}
			]
		},
		{
			"primitives" : [
				{
					"attributes" : {
					"POSITION" : 205
					,"NORMAL" : 206
					,"TEXCOORD_0" : 207
					},
					"indices" : 204,
					"mode": 4,
					"material" : 44
				}
			]
		},
		{
			"primitives" : [
				{
					"attributes" : {
					"POSITION" : 209
					,"NORMAL" : 210
					,"TEXCOORD_0" : 211
					},
					"indices" : 208,
					"mode": 4,
					"material" : 45
				}
			]
		},
		{
			"primitives" : [
				{
					"attributes" : {
					"POSITION" : 213
					,"NORMAL" : 214
					,"TEXCOORD_0" : 215
					},
					"indices" : 212,
					"mode": 4,
					"material" : 46
				}
			]
		},
		{
			"primitives" : [
				{
					"attributes" : {
					"POSITION" : 217
					,"NORMAL" : 218
					,"TEXCOORD_0" : 219
					},
					"indices" : 216,
					"mode": 4,
					"material" : 47
				}
			]
		},
		{
			"primitives" : [
				{
					"attributes" : {
					"POSITION" : 221
					,"NORMAL" : 222
					,"TEXCOORD_0" : 223
					},
					"indices" : 220,
					"mode": 4,
					"material" : 48
				}
			]
		},
		{
			"primitives" : [
				{
					"attributes" : {
					"POSITION" : 225
					,"NORMAL" : 226
					,"TEXCOORD_0" : 227
					},
					"indices" : 224,
					"mode": 4,
					"material" : 49
				}
			]
		},
		{
			"primitives" : [
				{
					"attributes" : {
					"POSITION" : 229
					,"NORMAL" : 230
					,"TEXCOORD_0" : 231
					},
					"indices" : 228,
					"mode": 4,
					"material" : 50
				}
			]
		},
		{
			"primitives" : [
				{
					"attributes" : {
					"POSITION" : 233
					,"NORMAL" : 234
					,"TEXCOORD_0" : 235
					},
					"indices" : 232,
					"mode": 4,
					"material" : 51
				}
			]
		},
		{
			"primitives" : [
				{
					"attributes" : {
					"POSITION" : 237
					,"NORMAL" : 238
					,"TEXCOORD_0" : 239
					},
					"indices" : 236,
					"mode": 4,
					"material" : 52
				}
			]
		},
		{
			"primitives" : [
				{
					"attributes" : {
					"POSITION" : 241
					,"NORMAL" : 242
					,"TEXCOORD_0" : 243
					},
					"indices" : 240,
					"mode": 4,
					"material" : 53
				}
			]
		},
		{
			"primitives" : [
				{
					"attributes" : {
					"POSITION" : 245
					,"NORMAL" : 246
					,"TEXCOORD_0" : 247
					},
					"indices" : 244,
					"mode": 4,
					"material" : 54
				}
			]
		},
		{
			"primitives" : [
				{
					"attributes" : {
					"POSITION" : 249
					,"NORMAL" : 250
					,"TEXCOORD_0" : 251
					},
					"indices" : 248,
					"mode": 4,
					"material" : 55
				}
			]
		},
		{
			"primitives" : [
				{
					"attributes" : {
					"POSITION" : 253
					,"NORMAL" : 254
					,"TEXCOORD_0" : 255
					},
					"indices" : 252,
					"mode": 4,
					"material" : 56
				}
			]
		},
		{
			"primitives" : [
				{
					"attributes" : {
					"POSITION" : 257
					,"NORMAL" : 258
					,"TEXCOORD_0" : 259
					},
					"indices" : 256,
					"mode": 4,
					"material" : 57
				}
			]
		},
		{
			"primitives" : [
				{
					"attributes" : {
					"POSITION" : 261
					,"NORMAL" : 262
					,"TEXCOORD_0" : 263
					},
					"indices" : 260,
					"mode": 4,
					"material" : 58
				}
			]
		},
		{
			"primitives" : [
				{
					"attributes" : {
					"POSITION" : 265
					,"NORMAL" : 266
					,"TEXCOORD_0" : 267
					},
					"indices" : 264,
					"mode": 4,
					"material" : 59
				}
			]
		},
		{
			"primitives" : [
				{
					"attributes" : {
					"POSITION" : 269
					,"NORMAL" : 270
					,"TEXCOORD_0" : 271
					},
					"indices" : 268,
					"mode": 4,
					"material" : 60
				}
			]
		},
		{
			"primitives" : [
				{
					"attributes" : {
					"POSITION" : 273
					,"NORMAL" : 274
					,"TEXCOORD_0" : 275
					},
					"indices" : 272,
					"mode": 4,
					"material" : 61
				}
			]
		},
		{
			"primitives" : [
				{
					"attributes" : {
					"POSITION" : 277
					,"NORMAL" : 278
					,"TEXCOORD_0" : 279
					},
					"indices" : 276,
					"mode": 4,
					"material" : 62
				}
			]
		},
		{
			"primitives" : [
				{
					"attributes" : {
					"POSITION" : 281
					,"NORMAL" : 282
					,"TEXCOORD_0" : 283
					},
					"indices" : 280,
					"mode": 4,
					"material" : 63
				}
			]
		},
		{
			"primitives" : [
				{
					"attributes" : {
					"POSITION" : 285
					,"NORMAL" : 286
					,"TEXCOORD_0" : 287
					},
					"indices" : 284,
					"mode": 4,
					"material" : 64
				}
			]
		},
		{
			"primitives" : [
				{
					"attributes" : {
					"POSITION" : 289
					,"NORMAL" : 290
					,"TEXCOORD_0" : 291
					},
					"indices" : 288,
					"mode": 4,
					"material" : 65
				}
			]
		},
		{
			"primitives" : [
				{
					"attributes" : {
					"POSITION" : 293
					,"NORMAL" : 294
					,"TEXCOORD_0" : 295
					},
					"indices" : 292,
					"mode": 4,
					"material" : 66
				}
			]
		},
		{
			"primitives" : [
				{
					"attributes" : {
					"POSITION" : 297
					,"NORMAL" : 298
					,"TEXCOORD_0" : 299
					},
					"indices" : 296,
					"mode": 4,
					"material" : 67
				}
			]
		},
		{
			"primitives" : [
				{
					"attributes" : {
					"POSITION" : 301
					,"NORMAL" : 302
					,"TEXCOORD_0" : 303
					},
					"indices" : 300,
					"mode": 4,
					"material" : 68
				}
			]
		},
		{
			"primitives" : [
				{
					"attributes" : {
					"POSITION" : 305
					,"NORMAL" : 306
					,"TEXCOORD_0" : 307
					},
					"indices" : 304,
					"mode": 4,
					"material" : 69
				}
			]
		},
		{
			"primitives" : [
				{
					"attributes" : {
					"POSITION" : 309
					,"NORMAL" : 310
					,"TEXCOORD_0" : 311
					},
					"indices" : 308,
					"mode": 4,
					"material" : 70
				}
			]
		},
		{
			"primitives" : [
				{
					"attributes" : {
					"POSITION" : 313
					,"NORMAL" : 314
					,"TEXCOORD_0" : 315
					},
					"indices" : 312,
					"mode": 4,
					"material" : 71
				}
			]
		},
		{
			"primitives" : [
				{
					"attributes" : {
					"POSITION" : 317
					,"NORMAL" : 318
					,"TEXCOORD_0" : 319
					},
					"indices" : 316,
					"mode": 4,
					"material" : 72
				}
			]
		},
		{
			"primitives" : [
				{
